# Created by Octave 4.0.2, Mon Dec 26 17:31:28 2016 India Standard Time <unknown@assasin>
# name: v
# type: range
# base, limit, increment
1 10 1


